SM:2022-08-29T18:58:36.8380840Z
LM:2022-08-29T23:06:36.4402189Z
CT:image/webp
MA:604800
CL:170196
