SM:2022-08-29T18:58:36.8380840Z
LM:2022-08-29T23:04:40.4657139Z
CT:image/png
MA:604800
CL:46427
