SM:2022-08-30T04:05:47.4948586Z
LM:2022-08-30T05:37:28.7600803Z
CT:image/webp
MA:604800
CL:46546
