SM:2022-08-29T18:58:36.8380840Z
LM:2022-08-29T23:05:03.1822010Z
CT:image/png
MA:604800
CL:64083
