SM:2022-08-29T18:58:36.8380840Z
LM:2022-08-29T23:06:48.2208912Z
CT:image/jpeg
MA:604800
CL:15779
