SM:2022-08-30T05:24:22.9185619Z
LM:2022-08-30T05:37:28.7600730Z
CT:image/webp
MA:604800
CL:46904
