SM:2022-08-29T18:58:36.8380840Z
LM:2022-08-29T23:07:14.1676047Z
CT:image/jpeg
MA:604800
CL:8272
