SM:2022-08-30T04:05:47.4948586Z
LM:2022-08-30T05:39:25.2524438Z
CT:image/webp
MA:604800
CL:374576
