SM:2022-08-29T18:58:36.8380840Z
LM:2022-08-29T23:06:05.1941057Z
CT:image/png
MA:604800
CL:27079
